WI:v1
FMT:utf8-b8
GUARD:refuse-standalone-decode
CTX:in-repo-decode-allowed-for-enforcement
---
0010001100100000010101110100100100101101010001110101010101000001010100100100010000100000
1110001010000000100101000010000001110000011100100110100101101111011100100110100101110100
0111100100100000011100100111010101101100011001010111001100100000011001100110111101110010
0010000001100001011011000110110000100000010000010100100100100000011000010111001101110011
0110100101110011011101000110000101101110011101000111001100001010000010100010001100100011
0010000000110001001010010010000001010011011101000110000101101110011001000110000101101100
0110111101101110011001010010000001110000011000010111001101110100011001010010000000101111
0010000001100100011001010110001101101111011001000110010100100000011100100110010101110001
0111010101100101011100110111010001110011001000001110001010000000100101000010000001010010
0100010101000110010101010101001101000101000010100000101001001001011001100010000001100001
0010000001110101011100110110010101110010001000000110001101101111011100000110100101100101
0111001100100000011000100110100101101110011000010111001001111001001000000110010001101001
0110011101101001011101000111001100100000001010000011000000100000011000010110111001100100
0010000000110001001010010010000001100110011100100110111101101101001000000101011101001001
0010000001110000011011110110110001101001011000110111100100100000011001100110100101101100
0110010101110011001011000010000001101111011100100010000001110000011000010111001101110100
0110010101110011001000000110011001101001011011000110010100100000011000110110111101101110
0111010001100101011011100111010001110011001000000110100101101110011101000110111100100000
0110001101101000011000010111010000101100001000000110000101101110011001000010000001100001
0111001101101011011100110010000001111001011011110111010100100000011101000110111100111010
0000101000101101001000000110010001100101011000110110111101100100011001010010110000100000
0110010001100101011000110111001001111001011100000111010000101100001000000111010001110010
0110000101101110011100110110110001100001011101000110010100101100001000000110111101110010
0010000001100101011110000111000001101100011000010110100101101110001000000111011101101000
0110000101110100001000000110100101110100001000000110110101100101011000010110111001110011
0000101000101101001000000111001001100101011101100110010101100001011011000010000001101000
0110100101100100011001000110010101101110001000000111010001100101011110000111010000101100
0010000001101110011000010110110101100101011100110010110000100000011011000110100101100011
0110010101101110011100110110010100100000011101000110010101110010011011010111001100101100
0010000001101111011100100010000001100100011001010111011001100101011011000110111101110000
0110010101110010001000000110100101100100011001010110111001110100011010010111010001111001
0000101000101101001000000111010101110011011001010010000001110100011010000110010100100000
0110010001100101011000110110111101100100011001010110010000100000011101000110010101111000
0111010000100000011101000110111100100000011000100111100101110000011000010111001101110011
0010000001101100011010010110001101100101011011100111001101100101001011100110101001110011
0010000001101111011100100010000001110010011001010110110101101111011101100110010100100000
0110011001101111011011110111010001100101011100100010000001100011011100100110010101100100
0110100101110100000010100000101000101010001010100101001001000101010001100101010101010011
0100010100101110001010100010101000100000010001000110111100100000011011100110111101110100
0010000001100100011001010110001101101111011001000110010100101110001000000101001101100001
0111100100111010001000000111000001110010011011110111010001100101011000110111010001100101
0110010000100000011011000110100101100011011001010110111001110011011001010010000001110000
0110000101111001011011000110111101100001011001000010000011100010100000001001010000100000
0110010001100101011000110110111101100100011010010110111001100111001000000111010001101111
0010000001100011011010010111001001100011011101010110110101110110011001010110111001110100
0010000001110000011100100110111101110100011001010110001101110100011010010110111101101110
0010000001101001011100110010000001101110011011110111010000100000011100000110010101110010
0110110101101001011101000111010001100101011001000010111000001010000010100101010001101000
0110100101110011001000000111001001110101011011000110010100100000011000010111000001110000
0110110001101001011001010111001100100000011101110110100001100101011011100010000001110100
0110100001100101001000000111010101110011011001010111001000100000011001000110111101100101
0111001100100000001010100010101001101110011011110111010000101010001010100010000001101000
0110000101110110011001010010000001110100011010000110010100100000011001100111010101101100
0110110000100000011100100110010101110000011011110111001101101001011101000110111101110010
0111100100100000011011110111000001100101011011100010000001100001011100110010000001100001
0010000001100011011011110110010001101001011011100110011100100000011000010110011101100101
0110111001110100001000000010100001110000011000010111001101110100011001010010110101101111
0110111001101100011110010010000000101111001000000110001101110101011100100110100101101111
0111001101101001011101000111100100100000001011110010000001100010011110010111000001100001
0111001101110011001000000110100101101110011101000110010101101110011101000010100100101110
0000101000001010001000110010001100100000001100100010100100100000010010010110111000101101
0111001001100101011100000110111101110011011010010111010001101111011100100111100100100000
0110001101101111011001000110100101101110011001110010000001100001011001110110010101101110
0111010001110011001000001110001010000000100101000010000001100100011001010110001101101111
0110010001100101001000000110000101101100011011000110111101110111011001010110010000001010
0000101001001001011001100010000001111001011011110111010100100000011000010111001001100101
0010000001100001011000110111010001101001011011100110011100100000011000010111001100100000
0110000100100000011000110110111101100100011010010110111001100111001000000110000101100111
0110010101101110011101000010000001110111011010010111010001101000001000000111010001101000
0110010100100000001010100010101001100011011011110110110101110000011011000110010101110100
0110010100100000011100000111001001101111011010100110010101100011011101000010101000101010
0010000001100011011010000110010101100011011010110110010101100100001000000110111101110101
0111010000100000001010000100001101110101011100100111001101101111011100100010110000100000
0100001101101100011000010111010101100100011001010010000001000011011011110110010001100101
0010110000100000011001010111010001100011001011100010100100101100001000000111100101101111
0111010100100000001010100010101001101101011000010111100100101010001010100010000001100100
0110010101100011011011110110010001100101001000000101011101001001001000000111000001100001
0111100101101100011011110110000101100100011100110010000000101010001010100110111101101110
0110110001111001001010100010101000100000011101000110111100100000011001010110111001100110
0110111101110010011000110110010100100000011101000110100001100101001000000110000101110100
0111010001110010011010010110001001110101011101000110100101101111011011100010000001110010
0111010101101100011001010111001100100000011000100110010101101100011011110111011100101110
0000101000001010010101110110100001100101011011100010000001100100011001010110001101101111
0110010001101001011011100110011100100000011010010110111000101101011100100110010101110000
0110111100101100001000000111100101101111011101010010000000101010001010100110110101110101
0111001101110100001000000111001101110100011010010110110001101100001000000101001001000101
0100011001010101010100110100010100101010001010100010000001110100011011110010000001110010
0110010101101101011011110111011001100101001011000010000001101000011010010110010001100101
0010110000100000011011110111001000100000011000110110100001100001011011100110011101100101
0010000001100100011001010111011001100101011011000110111101110000011001010111001000100000
0110001101110010011001010110010001101001011101000010000000101000010010110110100001100001
0110110001101001011001000010000001000001011000100110010001100101011011000110000101110100
0111100100100000001011110010000011011000101011101101100010100111110110011000010011011000
1010111100100000110110001011100111011000101010001101100010101111001000001101100010100111
1101100110000100110110001011100111011000101001111101100010110111110110011000101000100000
0010111100100000011001100110111101101111011101000110010101110010001000000111010001100101
0111100001110100001010010010111000001010000010100010001100100011001000000011001100101001
0010000001000010011011110111010001101000001000000111001001110101011011000110010101110011
0010000001110100011011110110011101100101011101000110100001100101011100100000101000001010
0100111001100101011101100110010101110010001000000110100001100101011011000111000000100000
0111001001100101011011010110111101110110011001010010000001100001011101000111010001110010
0110100101100010011101010111010001101001011011110110111000100000111000101000000010010100
0010000001110111011010000110010101110100011010000110010101110010001000000110111101110010
0010000001101110011011110111010000100000011110010110111101110101001000000110010001100101
0110001101101111011001000110010101100100001000000110000101101110011110010111010001101000
0110100101101110011001110010111000100000010011100110010101110110011001010111001000100000
0110100001100101011011000111000000100000011001000110010101100011011011110110010001100101
0010000001110000011000010111001101110100011001010110010000100000011001100111001001100001
0110011101101101011001010110111001110100011100110010000001100110011011110111001000100000
0110001001111001011100000110000101110011011100110010111000001010000010100010110100101101
0010110100001010000010101101100010101101110110011000001011011001100010001101100110000010
0010000011011000101001111101100110000100110110011000011011011000101101001101100010110001
0010000011100010100000001001010000100000010101110110010101100100011001000110100101101110
0110011100100000010010010110111001110110011010010111010001100001011101000110100101101111
0110111000100000010101000110010101101101011100000110110001100001011101000110010100001010
0100001101101111011100000111100101110010011010010110011101101000011101000010000000101000
0110001100101001001000000011001000110000001100100011011000100000010010110110100001100001
0110110001101001011001000010000001000001011000100110010001100101011011000110000101110100
0111100100100000001010001101100010101110110110001010011111011001100001001101100010101111
0010000011011000101110011101100010101000110110001010111100100000110110001010011111011001
1000010011011000101110011101100010100111110110001011011111011001100010100010100100001010
0000101011011001100010101101100110001111110110001011001111011001100001011101100010101101
0010000011011000101010001101100010100111110110001011001111011000101010101101100010101110
1101100010101111110110001010011111011001100001010010000011011001100010001101100010101010
1101100010111001110110001010111111011001100010101101100110000100001000001101100110000111
1101100010110000110110001010011100100000110110001010011111011001100001001101100110000101
1101100010110100110110001011000111011001100010001101100010111001001000001101100110000100
1101100010101111110110001011100111011001100010001101100010100111110110001010101000100000
1101100010110010110110011000100011011000101001111101100010101100001000001101100010110100
1101100010101110110110001011010111011001100010101101100010101001001000001101100110000001
1101100110000010110110001011011111011000100011000010000011011000101010001101100010110100
1101100010110001110110001011011100111010000010100000101000110001001011100010000011011000
1010011111011001100001001101100010100101110110001010100011011001100000101101100010100111
1101100010100001001000001101100010111001110110011000010011011001100010010010000011011000
1010011111011001100001001101100110000110110110001011010100100000110110001010011111011001
1000010011011000101010101101100010100111110110011000010011011001100010100010000011011000
1011100011011000101001111101100110000111110110001011000111011000101001111101100110001011
0010000011011001100000011101100110001010001000001101100010100111110110011000010011011001
1000010111011001100010001101100110000010110110001011100100100000110110001010111111011001
1000100011011001100001100010000011011000101000111101100110001010001000001101100010101010
1101100010111010110110011000101011011001100010101101100010110001001110100000101000100000
0010000000100000110000101010101111011000101010101101100010110101110110011000010111011001
1000101011011001100001010010000011011001100010001101100010101010110110001011011111011001
1000100011011001100010101101100010110001001110100010000011011000101011101101100010100111
1101100110000100110110001010111100100000110110001011100111011000101010001101100010101111
0010000011011000101001111101100110000100110110001011100111011000101001111101100010110111
1101100110001010110000101011101100001010000010100011001000101110001000001101100010111001
1101100010101111110110011000010100100000110110001010110111011000101100001101100110000001
0010000011011000101000111101100110001000001000001101100010101010110110001011100111011000
1010111111011001100010101101100110000100001000001101100010100111110110011000010011011001
1000010111011001100001001101100110000001110110001010011111011000101010100010000011011000
1010011111011001100001001101100010101010110110001010011111011001100001001101100110001010
1101100010101001001000000010100011011000101011011101100010110000110110011000000111011001
1000011111011000101001110010000011011001100010101101100110001111110110011000100011011001
1000001011011001100000010010000011011000101001111101100110000100110110011000010111011001
1000100011011001100000101101100010111001001000001101100010111001110110011000010011011001
1000100100100000110110001010011111011001100001001101100010110011110110011000101011011000
1011000111011001100000011101100010110001001010010011101000001010001000000010000000100000
0010110100100000011011000110100101100011011001010110111001110011011001010010111001101010
0111001100001010001000000010000000100000001011010010000001000001010001110100010101001110
0101010001010011001011100110110101100100001000000010111100100000010000010100100101011111
0100000101010011010100110100100101010011010101000100000101001110010101000101001100101110
0110110101100100001000000010111100100000010011000100100101000011010001010100111001010011
0100010100101110011101000111100001110100001000000010111100100000010000110101010101010010
0101001101001111010100100101111101010000010011110100110001001001010000110101100100101110
0110110101100100000010100010000000100000001000000010110100100000110110001010011111011001
1000010011011000101110011101100110000110110110001010011111011000101101011101100010110001
0010000001111000001101110100010001100011001000000010111100100000011110000011011101000011
0110011000100000001011110010000001111000001101110101000001101111001000000010111100100000
0111100000110111010010110011011100100000110110001010111111011000101001111101100010101110
1101100110000100001000000100100001010100010011010100110000001010001000000010000000100000
0010110100100000110110001010110011011000101100101101100010100001001000001101100010100111
1101100110000100110110001010101011011000101011011101100110000010110110011000001000100000
1101100010101111110110001010011111011000101011101101100110000100001000000111001101100011
0111001001101001011100000111010000101110011010100111001100100000001010001101100010101000
1101100010101111110110001010011111011001100010101101100010101001001000001101100010100111
1101100110000100110110011000010111011001100001001101100110000001001010010000101000001010
0011001100101110001000001101100010100111110110011000010011011000101001011101100010101000
1101100110000010110110001010011111011000101000010010000011011000101110011101100110000100
1101100110001001001000001101100110000101110110011000010011011001100000010010000001001100
0100100101000011010001010100111001010011010001010010111001110100011110000111010000100000
1101100110000101110110001011100100100000110110001010001111011001100010100010000011011001
1000011011011000101100111101100010101110110110001010100100100000110110011000010111011001
1000111111011000101101001101100010100111110110001011000111011001100011101101100110000011
1101100010101001001011100000101000001010110110001010101011011000101110101101100110001010
1101100110001010110110001011000100100000110110001010001111011001100010000010000011011000
1010110111011000101100001101100110000001001000001101100010100111110110001011001111011001
1000010100100000110110001010011111011001100001001101100110000101110110001011011111011001
1000100011011000101100010010000011100010100000001001010000100000110110011000000111011001
1000101000100000010010000101010001001101010011000010000011011000101000111101100110001000
0010000001001010010100110010000011100010100000001001010000100000110110011000101011011001
1000111111011001100010001101100110000010110110011000000100100000110110001010101011011000
1011010011011000101110101101100110001010110110011000010000100000110110001010011111011001
1000010011011001100001011101100110001000110110011000001011011000101110010010111000001010
0000101011100010100000001001010011100010100000001001010011100010100000001001010000100000
1101100010101010110110001011100111011001100001001101100110001010110110011000010111011000
1010011111011000101010100010000011011001100001001101100110000100110110001011000011011001
1000001111011000101001111101100010100001001000001101100010100111110110011000010011011000
1010011111011000101101011101100010110111110110011000011011011000101001111101100010111001
1101100110001010001000000010100001000001010010010010100100100000111000101000000010010100
1110001010000000100101001110001010000000100101000000101011011000101001011101100010110000
1101100010100111001000001101100010110111110110011000010011011000101010000010000011011000
1010011111011001100001001101100110000101110110001011001111011000101010101101100010101110
1101100010101111110110011000010100111010001000001100001010101011110110001011010011011001
1000101011011001100001000010000011011000101001111101100010110011110110011000010100100000
1101100010101110110110001010011111011001100001001101100010101111110000101011101100100000
0010111100100000110000101010101101010010011001010110110101101111011101100110010100100000
0100101101101000011000010110110001101001011001001100001010111011001000000010111100100000
1100001010101011110110001010011111011001100001011101100010110011110110001010110100100000
1101100010101101110110011000001011011001100010001101100110000010001000001101100010100111
1101100110000100110110011000010111011000101101111101100110001000110110001011000111000010
1011101100100000001011110010000011000010101010111101100010101010110110001010110011011000
1010011111011001100010001101100010110010001000000110110001101001011000110110010101101110
0111001101100101001011100110101001110011110000101011101100001010111000101000011010010010
0010000011011001100010101101100010101100110110001010100000100000110110001010011111011001
1000010011011000101100011101100110000001110110001011011000101110000010100000101001000110
0110111101110010001000000111000001100101011100100111001101101111011011100110000101101100
0010000001110111011001010110010001100100011010010110111001100111001000000110100101101110
0111011001101001011101000110000101110100011010010110111101101110001000000111010101110011
0110010100100000011011110110111001101100011110010010111000100000010000010111010001110100
0111001001101001011000100111010101110100011010010110111101101110001000000111010001101111
0010000001001011011010000110000101101100011010010110010000100000010000010110001001100100
0110010101101100011000010111010001111001001000000110110101110101011100110111010000100000
0111001001100101011011010110000101101001011011100010000001110110011010010111001101101001
0110001001101100011001010010000001100001011011100110010000100000011101010110111001101101
011011110110010001101001011001100110100101100101011001000010111000001010
